The tests which map to at least 80.0% of the targets are:

[75, 1101, 2152, 2917, 3314, 5140, 7967, 8423, 8509, 8639]
[5, 152, 823, 1744, 2311, 2657, 2723, 3634, 5029, 5159]
[618, 1709, 2006, 2188, 3041, 4182, 4269, 7259, 8334, 8975]
[2435, 4614, 5415, 7070, 7911, 7917, 8034, 9005, 9193, 9463]
[1499, 2413, 3124, 3702, 6124, 8383, 8520, 8973, 9312, 9334]
[2318, 4519, 4526, 6781, 7092, 8190, 8633, 9012, 9324, 9395]
[1636, 1768, 3022, 3507, 3655, 3953, 5037, 5857, 8307, 9453]
[1147, 2508, 3129, 4817, 4891, 5185, 5820, 6213, 7741, 8893]
[650, 1751, 3031, 3246, 3447, 4325, 4906, 6575, 7187, 7894]
[199, 853, 1661, 1763, 1991, 2049, 2646, 3788, 5389, 5587]
[478, 997, 1022, 3856, 4637, 4986, 6125, 7515, 8572, 8871]
[415, 662, 1931, 3205, 3520, 3567, 4004, 5825, 7191, 8373]
[433, 3602, 4775, 4806, 5244, 6715, 8401, 9178, 9297, 9559]
[563, 2210, 2334, 2360, 3373, 4019, 4039, 4787, 5026, 6423]
[1572, 3077, 3706, 3728, 4406, 4712, 6474, 7560, 7902, 8415]
[604, 725, 2489, 4921, 5627, 5640, 6272, 7334, 7423, 7826]
[35, 291, 437, 2916, 3199, 3245, 4688, 5775, 5800, 5970]
[50, 170, 1530, 2595, 2698, 2869, 4089, 8288, 9261, 9510]
[1156, 3203, 3713, 5731, 6795, 7067, 8459, 8466, 8529, 8713]
[1716, 2681, 2888, 4722, 5357, 7182, 8240, 9400, 9460, 9504]
[2418, 2717, 2893, 4495, 5216, 6121, 6456, 7028, 7648, 8233]
[217, 1150, 3067, 3952, 4252, 4812, 4975, 6913, 7704, 8180]
[408, 733, 1214, 1868, 3138, 4118, 4553, 5305, 5497, 5638]
[795, 1408, 1702, 2482, 3195, 4340, 5338, 6102, 6264, 6307]
[814, 3148, 3646, 3740, 4059, 5091, 6412, 7778, 7844, 7913]
[991, 1193, 1474, 2322, 2787, 2887, 3630, 3756, 6118, 7981]
[107, 1056, 1806, 4043, 6868, 7468, 8490, 8922, 9090, 9188]
[579, 1414, 2414, 2719, 3042, 5219, 6978, 8673, 8857, 9418]
[942, 2529, 3604, 4127, 5205, 7759, 7874, 8319, 9579, 9631]
[157, 653, 1311, 1546, 1838, 2345, 3157, 3689, 3747, 4517]
[1268, 3757, 7599, 8901, 9185, 9287, 9306, 9584, 9799, 9854]
[509, 4073, 4591, 4732, 4985, 5589, 6062, 6148, 7245, 7318]
[1457, 1643, 1698, 2175, 2711, 3190, 3827, 4070, 4746, 5726]
[1045, 1376, 4202, 4884, 6252, 6408, 6636, 6640, 6796, 7326]
[588, 808, 1688, 1767, 2416, 3080, 3868, 5182, 5816, 7234]
[183, 1078, 1295, 4158, 5061, 8306, 8384, 8891, 9649, 9942]
[1361, 2760, 2895, 4466, 5180, 8892, 9016, 9571, 9591, 9874]
[737, 2804, 2985, 3038, 4560, 6323, 7545, 7720, 7910, 8230]
[323, 536, 2656, 3087, 5611, 5628, 5662, 7760, 8977, 9322]
[803, 821, 4205, 5533, 6195, 6612, 7568, 7610, 8026, 8641]
[335, 2206, 2874, 3211, 4243, 5249, 5600, 6521, 6971, 7395]
[1154, 4221, 5592, 7762, 7962, 9237, 9725, 9847, 9962, 9970]
[160, 894, 1013, 1224, 3457, 6025, 8462, 8825, 8885, 9723]
[1409, 4376, 5186, 5448, 5632, 5657, 6256, 6455, 8416, 8598]
[1715, 3442, 6381, 7370, 7459, 9235, 9338, 9527, 9574, 9670]
[1808, 3737, 4852, 6564, 7077, 8139, 8487, 8803, 9044, 9066]
[336, 550, 1662, 2024, 2111, 2346, 2462, 2520, 3386, 3518]
[24, 1984, 2686, 3436, 5322, 5972, 7287, 8147, 8336, 9083]
[1344, 2801, 4394, 5286, 5695, 6054, 7335, 7510, 9833, 9983]
[1358, 4136, 4856, 6496, 6982, 8625, 9106, 9123, 9461, 9561]
[1145, 2506, 2744, 4854, 7177, 8930, 9369, 9428, 9556, 9884]
[113, 380, 490, 513, 935, 5546, 5565, 5966, 6300, 6447]
[139, 2695, 5510, 5550, 6224, 6471, 7932, 9244, 9705, 9747]
[2369, 2481, 4055, 4914, 5664, 5849, 5931, 6634, 7724, 8329]
[518, 1061, 1343, 1475, 2718, 4005, 6446, 7019, 7765, 7786]
[65, 140, 328, 1280, 3242, 3552, 3610, 4091, 4278, 5749]
[1092, 1789, 3647, 4847, 5670, 6477, 7421, 8124, 8283, 8954]
[3056, 5334, 5598, 6225, 6288, 8536, 8875, 9158, 9635, 9718]
[842, 1356, 2377, 2391, 2900, 3082, 3410, 4172, 4751, 5075]
[2542, 3817, 4393, 4710, 4796, 5117, 8129, 8751, 8770, 9753]
[76, 141, 527, 580, 2875, 3059, 4248, 6126, 7587, 7864]
[54, 568, 3993, 4962, 5348, 6095, 6758, 7755, 7777, 9037]
[682, 1393, 1489, 3421, 3815, 3891, 4137, 4564, 4795, 5254]
[474, 1621, 2299, 2765, 3387, 3453, 4317, 5818, 5903, 6130]
[287, 964, 1951, 3876, 4228, 4387, 5548, 5937, 7554, 7727]
[13, 861, 1090, 1927, 2230, 2293, 4239, 4473, 6416, 7363]
[96, 218, 2159, 2689, 2784, 3060, 3120, 6833, 7674, 8155]
[70, 347, 1946, 3566, 4860, 5230, 7229, 7347, 9191, 9365]
[874, 1060, 3264, 3721, 4280, 8112, 8399, 8407, 8919, 9625]
[1549, 2183, 3914, 4298, 4780, 6215, 7207, 8135, 8381, 9538]
[731, 953, 1423, 1595, 3899, 5486, 7399, 8328, 8575, 8823]
[122, 165, 1327, 1830, 2579, 3541, 4223, 4991, 6081, 6924]
[4054, 4755, 5233, 6504, 6679, 7899, 8231, 8454, 8684, 9576]
[909, 1269, 2280, 3925, 4197, 5287, 5344, 6261, 7327, 7377]
[1600, 1958, 3251, 4015, 4274, 4299, 4412, 6415, 7266, 7473]
[2759, 3734, 5204, 6273, 6442, 7238, 7918, 8226, 9213, 9267]
[176, 1158, 2308, 2748, 4837, 5472, 6367, 6838, 7843, 8534]
[1466, 3814, 4319, 4628, 4865, 5326, 6844, 6945, 7316, 7409]
[92, 119, 202, 1310, 2605, 2729, 2838, 3491, 6834, 7037]
[127, 209, 2225, 2538, 3557, 4552, 5615, 5706, 5996, 6422]
[660, 760, 1620, 2533, 2644, 4281, 5198, 8353, 9358, 9722]
[1171, 2627, 2654, 3639, 3741, 4482, 6216, 7213, 7807, 7867]
[270, 401, 807, 1225, 1708, 2066, 2197, 5590, 5602, 5843]
[1212, 2179, 2815, 3121, 3569, 4025, 4681, 4720, 5155, 7586]
[1732, 1791, 2341, 3609, 4647, 5163, 6258, 7263, 8322, 8370]
[15, 1852, 2122, 3225, 5783, 6700, 7083, 7608, 7627, 7957]
[240, 769, 3076, 4032, 4328, 6153, 6407, 6608, 6719, 6958]
[635, 2522, 2782, 3014, 3170, 3618, 4797, 4831, 5259, 6150]
[411, 1066, 2845, 4783, 5705, 6016, 6359, 6436, 6727, 6942]
[1613, 5708, 6051, 7045, 7065, 7248, 7305, 7601, 8023, 8380]
[542, 3513, 3950, 7408, 7580, 7639, 8363, 8395, 8860, 8878]
[2973, 2999, 4880, 5060, 5865, 7139, 7514, 8033, 8812, 8884]
[88, 206, 480, 1126, 2447, 3149, 3954, 4940, 6476, 6874]
[2604, 2699, 2828, 3083, 3718, 3816, 4631, 5302, 7793, 7905]
[386, 443, 780, 854, 1427, 1914, 1928, 3380, 4173, 7412]
[1312, 1900, 3011, 3406, 3620, 4619, 4840, 5757, 6227, 6642]
[104, 2289, 4291, 5363, 6093, 6289, 7333, 7684, 8412, 8513]
[150, 1694, 2109, 4672, 5702, 6525, 6848, 7882, 8335, 8733]
[132, 582, 707, 3278, 4943, 5362, 5610, 6530, 7733, 7952]
[726, 1411, 6000, 6108, 8125, 8241, 8757, 9076, 9359, 9367]
[1089, 1197, 1233, 1552, 2792, 3277, 3398, 4292, 5782, 7062]
[757, 2220, 2371, 2740, 3032, 3158, 3180, 3323, 3735, 5469]
[860, 2669, 3853, 5959, 6860, 7091, 8339, 8367, 8596, 8708]
[363, 2298, 2368, 2420, 2712, 2846, 4963, 6190, 6604, 8889]
[1216, 1491, 1833, 2052, 2909, 3644, 3754, 4576, 4842, 4908]
[1157, 1392, 1798, 1902, 2121, 3663, 4864, 5753, 6029, 7458]
[1131, 1778, 1987, 2117, 3389, 3535, 3926, 4159, 4690, 4789]
[877, 1109, 1843, 3358, 4380, 5456, 6510, 6859, 7149, 7978]
[277, 865, 2278, 5236, 6131, 7972, 8027, 9136, 9908, 9921]
[419, 1543, 1879, 2449, 3344, 4326, 5343, 6244, 6327, 7889]
[697, 1380, 3607, 4238, 4716, 5707, 6063, 8449, 9249, 9706]
[918, 1730, 2756, 3440, 4093, 5160, 5499, 7535, 8059, 8234]
[495, 2348, 3645, 5560, 6356, 8137, 8679, 8815, 9122, 9396]
[361, 1084, 3229, 3907, 4539, 6591, 6709, 8089, 8773, 8820]
[2, 1637, 1788, 8837, 9101, 9220, 9582, 9800, 9804, 9878]
[1029, 2494, 3598, 4075, 4115, 4692, 4804, 6828, 7114, 9119]
[213, 3493, 3700, 4876, 5046, 5412, 5733, 6674, 7897, 8106]
[135, 1801, 2300, 3494, 4129, 6310, 6336, 6519, 6685, 7088]
[3592, 3695, 6996, 7293, 7717, 8577, 8775, 9132, 9738, 9759]
[1144, 1731, 2364, 3224, 3752, 3833, 3836, 4143, 5399, 6728]
[265, 1990, 2436, 2899, 6589, 6695, 7389, 7548, 7632, 7744]
[267, 852, 1477, 3692, 5720, 5779, 8483, 8900, 9226, 9469]
[1918, 2344, 2602, 3274, 3400, 3900, 4548, 4728, 6304, 7450]
[159, 963, 1353, 1728, 1844, 2245, 2806, 3832, 5671, 8440]
[191, 755, 1263, 3782, 4211, 5975, 7146, 8486, 9251, 9281]
[3223, 3581, 4521, 4868, 5737, 5950, 6143, 6759, 7690, 8858]
[2903, 4540, 5940, 6918, 7084, 7107, 8448, 8659, 9356, 9432]
[9, 2226, 2312, 4177, 7188, 7314, 7672, 7944, 9153, 9208]
[1482, 1870, 2687, 3393, 3532, 4496, 6387, 8414, 8940, 9025]
[485, 1441, 2367, 2709, 3548, 3865, 4832, 6079, 6483, 7600]
[1188, 1551, 1758, 2204, 2683, 2833, 2890, 3522, 3648, 3785]
[225, 235, 1535, 1674, 5121, 5826, 5922, 5978, 6140, 7444]
[331, 2898, 3666, 4108, 5916, 6693, 7716, 8403, 8410, 8472]
[268, 762, 1329, 1430, 4579, 4912, 5395, 5583, 5612, 5891]
[921, 1563, 1998, 2265, 2853, 3690, 5396, 8348, 9124, 9853]
[317, 1988, 2239, 4334, 5340, 5393, 6205, 6231, 7075, 7563]
[109, 1714, 2085, 3055, 4447, 5360, 6655, 8375, 9883, 9940]
[571, 1085, 1206, 1856, 2083, 2105, 2997, 3204, 3806, 4534]
[430, 3236, 6378, 6821, 6919, 7954, 8224, 8504, 9525, 9549]
[1451, 1926, 2362, 5850, 6543, 7026, 7723, 8302, 8798, 9028]
[66, 1077, 2452, 3643, 4312, 4784, 6809, 7518, 7974, 8253]
[166, 1042, 1168, 3561, 3673, 3710, 4035, 4911, 5620, 6325]
[1178, 6515, 6831, 7651, 9507, 9728, 9914, 9948, 9976, 9985]
[2046, 2426, 2827, 4452, 5335, 5953, 6082, 6852, 7221, 7885]
[688, 951, 1582, 2557, 2855, 4820, 5076, 5181, 5827, 6240]
[1097, 1270, 1500, 2688, 4480, 4659, 5897, 6421, 6963, 7332]
[873, 2133, 3099, 5275, 5409, 6351, 6475, 7185, 8049, 9931]
[2115, 4090, 4386, 7555, 8029, 8223, 8323, 9368, 9639, 9676]
[313, 704, 2638, 2878, 3001, 3384, 4478, 5172, 6420, 6598]
[638, 2562, 4444, 4946, 5227, 5630, 6595, 6900, 7089, 8093]
[3327, 4101, 4140, 4358, 6337, 6568, 9052, 9602, 9790, 9936]
[397, 453, 607, 3658, 5135, 6176, 7491, 8477, 8821, 9211]
[125, 452, 848, 1952, 2035, 2745, 5700, 7527, 7888, 9154]
[570, 1125, 1539, 2752, 3419, 4424, 5253, 6188, 6704, 7504]
[995, 2205, 3291, 3577, 6262, 7123, 8210, 8333, 8961, 9353]
[871, 1333, 2240, 3915, 4916, 6107, 8471, 8764, 8782, 8827]
[926, 3151, 4423, 4992, 5832, 6020, 6884, 8001, 8076, 9660]
[676, 1207, 1655, 2794, 4983, 5301, 5650, 5688, 5988, 7508]
[649, 1578, 4391, 5192, 6182, 6360, 7854, 7928, 8738, 8793]
[306, 988, 3351, 4311, 5274, 5941, 7265, 7892, 7969, 8510]
[298, 1266, 4434, 5311, 6206, 7169, 8312, 8740, 9111, 9162]
[163, 2856, 3560, 3987, 5488, 5636, 5658, 7730, 8008, 8457]
[1504, 1680, 3614, 6546, 8149, 8576, 9200, 9258, 9362, 9694]
[987, 1953, 2691, 2807, 3370, 4439, 6560, 6666, 6906, 7536]
[679, 1646, 3574, 4588, 5887, 6036, 6282, 8162, 8170, 8419]
[714, 6676, 8436, 8999, 9219, 9465, 9520, 9580, 9658, 9815]
[969, 1903, 2514, 3691, 3781, 4479, 5006, 5214, 5795, 7058]
[2892, 3780, 4144, 4788, 5308, 5421, 5867, 6827, 6840, 7003]
[522, 974, 1583, 1994, 2504, 2870, 3301, 4621, 4957, 5371]
[715, 1153, 2628, 3164, 4861, 5495, 6657, 7365, 7396, 8431]
[554, 2849, 4933, 5074, 5997, 6218, 6869, 7338, 8219, 8225]
[698, 1533, 2148, 3111, 3852, 3968, 6027, 7509, 7847, 8304]
[1431, 1671, 3098, 3711, 6149, 6335, 7063, 7439, 7549, 7619]
[2847, 4432, 4741, 4841, 7126, 7142, 8531, 8841, 8996, 9388]
[1063, 2714, 3000, 3359, 4171, 5743, 5871, 7320, 8067, 8332]
[2106, 3131, 3134, 3341, 4102, 4968, 6441, 6558, 7226, 7390]
[595, 1000, 1550, 4398, 4568, 4594, 7341, 8756, 9138, 9754]
[1381, 2027, 3889, 6280, 6625, 7718, 8642, 8932, 9133, 9134]
[358, 1986, 2415, 2702, 3502, 3508, 3983, 4666, 4687, 6567]
[1706, 1814, 3219, 5463, 5930, 5994, 6569, 6696, 9020, 9078]
[2566, 4629, 5099, 5436, 5704, 6098, 7364, 7544, 7842, 9392]
[1407, 1633, 4636, 5351, 5506, 6287, 6433, 6478, 6638, 7628]
[302, 1624, 2811, 3259, 4251, 5297, 6217, 7237, 7290, 8257]
[890, 1777, 2663, 3295, 3451, 3589, 4895, 5049, 6749, 8028]
[99, 475, 655, 1412, 2187, 3911, 6711, 7659, 7678, 8063]
[643, 1404, 5167, 5868, 6845, 6956, 7607, 9017, 9058, 9486]
[428, 515, 616, 1352, 5124, 5529, 6379, 8259, 8838, 9320]
[793, 3834, 4917, 6593, 7222, 8003, 8548, 8597, 8694, 8855]
[840, 2326, 3404, 3538, 4735, 5742, 5769, 6144, 6917, 7754]
[429, 2061, 2347, 2350, 3297, 3988, 3997, 4110, 9330, 9690]
[572, 608, 2645, 2955, 3302, 5171, 7105, 7235, 7270, 8354]
[407, 1128, 1172, 2423, 2674, 3182, 3293, 4970, 6846, 8560]
[1088, 1346, 1541, 2443, 3115, 4309, 4811, 5093, 5213, 6968]
[2767, 3161, 3871, 4890, 5058, 5133, 5437, 5578, 6872, 7217]
[100, 1896, 3944, 7666, 8260, 9014, 9148, 9325, 9805, 9807]
[1139, 1880, 2429, 2776, 2831, 2957, 5063, 5798, 7831, 7965]
[1021, 2479, 3260, 3903, 4058, 4339, 6614, 6682, 7166, 7349]
[1831, 2323, 7906, 7956, 8046, 8444, 8754, 9254, 9328, 9644]
[776, 1949, 2924, 3820, 4346, 4677, 4966, 7352, 7747, 8909]
[989, 1017, 2314, 2991, 6201, 6493, 7030, 9278, 9508, 9613]
[25, 87, 308, 1577, 5563, 6934, 7525, 8270, 8296, 8995]
[1003, 1048, 2064, 3932, 5958, 8714, 9056, 9340, 9393, 9399]
[611, 1279, 1419, 1493, 1521, 2721, 4781, 4925, 5936, 6549]
[1176, 1933, 2320, 2648, 5020, 5666, 7079, 7661, 8617, 8880]
[1639, 1717, 5633, 6184, 6207, 8175, 8355, 8959, 9257, 9321]
[224, 1211, 2799, 4715, 5264, 5802, 6419, 8835, 9595, 9622]
[459, 1203, 1237, 1770, 2149, 2526, 3268, 3761, 3917, 5539]
[458, 3857, 5306, 6067, 6562, 9038, 9062, 9662, 9763, 9776]
[2911, 3332, 7680, 7821, 8664, 8861, 8881, 9130, 9215, 9519]
[301, 2233, 2952, 3906, 4080, 5623, 5797, 7192, 7289, 7616]
[590, 2171, 3676, 3844, 4034, 5439, 7162, 7462, 7764, 8743]
[2725, 3046, 3818, 3920, 5146, 8222, 8473, 8783, 8839, 9975]
[693, 1294, 1805, 3488, 3597, 4525, 4815, 5036, 5511, 7027]
[756, 1011, 3608, 3837, 4114, 4200, 4596, 5624, 5846, 6189]
[1213, 1537, 2079, 2606, 3037, 3061, 3165, 3378, 5736, 8200]
[1420, 1516, 1904, 3616, 3905, 6060, 6382, 7706, 7809, 7977]
[226, 2507, 3028, 4918, 6772, 7202, 7246, 7806, 8514, 9157]
[665, 1465, 1484, 1678, 2283, 3126, 3174, 4477, 6534, 7201]
[120, 3967, 4757, 5003, 5384, 5701, 6658, 7322, 7538, 7914]
[950, 2087, 2543, 2705, 2766, 3613, 4440, 7006, 7833, 8525]
[2095, 2475, 4260, 4941, 5296, 7596, 7713, 7776, 7865, 9758]
[1925, 6315, 6370, 6587, 7078, 9657, 9716, 9835, 9991, 9998]
[1282, 2090, 2921, 3401, 5428, 5446, 6318, 6480, 7655, 7903]
[700, 1792, 3106, 4793, 5864, 6160, 7453, 7839, 8123, 8425]
[708, 1428, 1545, 1740, 1746, 3415, 3448, 3733, 3879, 6017]
[251, 694, 3414, 3510, 3981, 4316, 5956, 6526, 8184, 9506]
[1514, 1515, 2757, 4067, 4372, 4765, 5489, 5968, 6043, 6299]
[48, 239, 1047, 2861, 5178, 5778, 5911, 6375, 6585, 7660]
[983, 2053, 2146, 2839, 3839, 6430, 8105, 8920, 9273, 9678]
[1446, 1461, 3628, 4164, 5811, 7863, 8084, 8136, 8984, 9384]
[259, 299, 2071, 4428, 4809, 8016, 8025, 8356, 9190, 9246]
[314, 1695, 2912, 4471, 5556, 6566, 8183, 9011, 9372, 9550]
[238, 293, 898, 1174, 2701, 2741, 3426, 4301, 7049, 7071]
[357, 663, 1454, 2550, 2813, 3326, 3340, 4204, 4455, 4601]
[2673, 2788, 4485, 4909, 5062, 5188, 5823, 6311, 6856, 7751]
[85, 3399, 3861, 5429, 5965, 6644, 6837, 7143, 8661, 9451]
[53, 2284, 2603, 2720, 4844, 4995, 5490, 7401, 8744, 8887]
[2194, 2920, 3330, 3383, 4508, 4573, 5221, 6113, 6343, 7475]
[1113, 2128, 2930, 3085, 3959, 4300, 9054, 9227, 9449, 9956]
[703, 835, 1528, 4410, 6174, 6497, 7167, 7753, 7790, 8017]
[23, 501, 966, 2460, 3449, 5479, 6712, 8346, 8610, 9489]
[390, 1200, 1435, 2216, 2737, 3320, 6554, 6708, 7268, 7285]
[1723, 5954, 6762, 6991, 7307, 8252, 8294, 8802, 9427, 9547]
[2836, 5532, 7779, 7794, 7808, 8117, 8276, 8874, 9425, 9891]
[332, 1481, 2119, 2339, 4349, 6949, 7147, 7310, 7313, 8285]
[61, 325, 1025, 1609, 1785, 1865, 4175, 4949, 5176, 7422]
[788, 1602, 2366, 2685, 3369, 4777, 5674, 5851, 6159, 6277]
[651, 1020, 1036, 1250, 1690, 1887, 1934, 3267, 4045, 5027]
[636, 1603, 2539, 3617, 4214, 4889, 4926, 5067, 5390, 5983]
[1242, 1762, 2237, 4149, 5016, 5345, 5863, 6779, 7907, 8777]
[431, 956, 2610, 2722, 3681, 4695, 5149, 5807, 7330, 8077]
[496, 519, 1292, 1917, 3070, 4170, 4507, 8573, 8612, 9389]
[928, 1246, 1784, 2317, 2383, 3902, 4454, 5475, 7486, 7667]
[601, 1234, 1765, 2805, 3855, 8164, 8476, 8772, 9147, 9558]
[247, 1264, 2437, 4263, 5380, 6938, 7443, 7631, 8374, 9263]
[425, 736, 1440, 1663, 1886, 2065, 4609, 4744, 4929, 6725]
[2981, 3197, 3461, 3931, 4742, 4802, 5890, 6345, 6418, 7429]
[634, 1062, 1685, 1700, 6165, 6208, 6228, 6970, 7447, 8064]
[29, 1127, 2652, 4767, 5256, 5325, 5422, 5594, 5766, 6397]
[2184, 2750, 3303, 6426, 8358, 8523, 8819, 9299, 9720, 9893]
[1742, 1872, 1937, 2993, 3714, 3998, 4938, 9192, 9202, 9271]
[720, 1297, 3971, 4138, 4254, 6246, 6630, 8567, 9195, 9390]
[944, 2532, 2790, 3305, 4547, 5747, 6254, 6371, 8211, 8390]
[759, 3275, 3786, 5387, 7375, 8009, 8331, 8767, 8948, 9051]
[334, 745, 1510, 1832, 2375, 3220, 3450, 3621, 4830, 7048]
[200, 512, 1030, 1248, 1497, 2160, 2219, 3822, 3927, 4375]
[815, 1699, 1882, 2315, 2505, 2577, 3328, 4570, 5606, 6563]
[2651, 3057, 3093, 3991, 5057, 5694, 6741, 6799, 6951, 7986]
[284, 388, 482, 575, 1929, 4887, 6018, 7264, 7427, 7989]
[838, 2005, 2086, 3427, 3468, 3962, 5808, 6413, 6495, 6527]
[466, 1443, 3198, 4180, 4499, 4592, 4663, 5405, 6163, 6538]
[470, 1893, 2026, 2041, 3234, 4501, 5294, 5329, 5391, 6297]
[557, 960, 3483, 5108, 5278, 5777, 8584, 9096, 9118, 9189]
[1490, 3005, 5071, 6961, 7397, 8152, 8979, 9252, 9290, 9381]
[203, 717, 938, 1192, 2011, 3437, 3712, 4213, 4401, 5692]
[912, 996, 1611, 3390, 4458, 6192, 6629, 7288, 7916, 8057]
[197, 1204, 1835, 4022, 4056, 4203, 4764, 6161, 6786, 6976]
[261, 734, 979, 2694, 3763, 3864, 4446, 4845, 5240, 5569]
[260, 598, 2404, 2528, 3084, 6403, 6915, 7052, 8408, 8615]
[69, 1527, 1911, 3321, 4750, 4944, 5885, 8083, 8593, 8902]
[1561, 1565, 1759, 2114, 3886, 3928, 6960, 7057, 7085, 7771]
[3, 95, 1996, 2761, 5502, 9515, 9601, 9638, 9646, 9765]
[1357, 2439, 8158, 8533, 8628, 9171, 9511, 9902, 9903, 9915]
[220, 603, 2324, 2337, 3466, 3472, 4772, 5068, 5957, 6465]
[83, 450, 915, 1276, 4408, 4468, 5375, 6203, 6226, 7781]
[1401, 1501, 3795, 5793, 7643, 8543, 9128, 9488, 9524, 9553]
[1748, 1810, 1975, 4036, 4870, 6278, 6943, 8474, 9084, 9621]
[1189, 1486, 1536, 2650, 2943, 5179, 7068, 8044, 8055, 8766]
[517, 1075, 1258, 2852, 2954, 4021, 4513, 4931, 6338, 8990]
[324, 344, 4207, 6146, 6391, 6947, 7278, 8542, 9174, 9209]
[1103, 2097, 3650, 3677, 4201, 4605, 4625, 6155, 6686, 6988]
[279, 439, 2607, 3978, 4313, 5842, 6826, 7106, 7369, 8310]
[20, 310, 1544, 1846, 2290, 2411, 3175, 4192, 5059, 5874]
[507, 792, 2130, 2509, 5195, 5992, 6115, 6583, 7361, 8711]
[678, 1965, 2264, 3073, 3250, 4822, 5739, 5900, 6557, 8221]
[472, 2795, 3523, 4128, 4766, 6116, 6158, 6257, 6395, 6977]
[231, 1016, 2417, 3030, 4220, 5435, 6939, 7383, 7583, 7926]
[142, 255, 5791, 6281, 8159, 8699, 9493, 9730, 9748, 9757]
[2266, 4306, 5009, 5150, 5667, 6241, 6998, 7064, 8177, 8499]
[18, 312, 547, 1232, 3840, 6637, 8204, 8298, 8883, 8890]
[879, 1121, 3724, 7731, 8280, 9770, 9892, 9899, 9928, 9930]
[2647, 3133, 3977, 4240, 5907, 6923, 7053, 9295, 9585, 9641]
[377, 1104, 5813, 6573, 7319, 7890, 7923, 8337, 8974, 9352]
[192, 223, 2692, 2975, 4176, 4794, 5237, 5572, 5803, 8188]
[591, 908, 1067, 1210, 2340, 3189, 3363, 3913, 4167, 6128]
[205, 3476, 4308, 4578, 4763, 4999, 6142, 6858, 7537, 8458]
[126, 1547, 2075, 5762, 6012, 6026, 6777, 7223, 7292, 7811]
[752, 856, 870, 1326, 1410, 2486, 3486, 5290, 7935, 8189]
[1945, 2556, 3357, 4569, 5004, 5844, 6040, 6437, 6539, 7866]
[418, 885, 1291, 2503, 2749, 4615, 5125, 5372, 5768, 5804]
[304, 1455, 2208, 2485, 2780, 3683, 4368, 4373, 6574, 9382]
[208, 372, 2246, 2448, 3142, 8726, 9276, 9617, 9818, 9990]
[1608, 2438, 2544, 3322, 7047, 7418, 7452, 7838, 8439, 8635]
[904, 4814, 4858, 5315, 5441, 6854, 7816, 7859, 8108, 8391]
[286, 477, 3108, 4322, 4967, 7118, 7227, 8128, 8955, 9397]
[1724, 1849, 1864, 3789, 4433, 4734, 5285, 5457, 5582, 5910]
[2001, 2572, 5316, 6242, 6459, 7881, 8638, 9717, 9806, 9864]
[162, 486, 817, 923, 5443, 6355, 6912, 7912, 8168, 8624]
[493, 2471, 3146, 3526, 3654, 5514, 6451, 7168, 8385, 9308]
[1173, 1306, 2004, 2612, 4862, 4863, 5066, 5241, 5512, 5673]
[289, 326, 666, 1081, 1151, 2143, 2387, 4087, 6540, 7280]
[907, 1102, 1581, 1670, 1819, 4094, 4993, 6109, 7775, 8148]
[777, 3482, 3958, 4329, 6479, 7137, 8517, 8557, 8608, 8725]
[248, 1509, 4514, 5131, 5447, 6023, 6659, 7612, 7800, 7827]
[2277, 3034, 5609, 7018, 7621, 8442, 9161, 9329, 9762, 9816]
[3966, 4262, 5530, 6328, 6358, 6488, 6881, 7613, 8957, 9269]
[934, 1823, 5626, 6578, 7212, 8648, 8672, 8834, 9041, 9286]
[763, 1960, 3642, 3935, 4608, 4786, 4875, 6021, 6330, 8088]
[2352, 3412, 4658, 5839, 6718, 7151, 7845, 8186, 8745, 9437]
[849, 1696, 5030, 8701, 9614, 9672, 9702, 9772, 9797, 9960]
[222, 1386, 2137, 4135, 4961, 5202, 7465, 7634, 8501, 8780]
[6, 764, 2891, 3470, 3775, 4430, 4704, 4808, 6156, 7558]
[45, 1736, 2982, 4894, 6105, 6114, 8134, 8719, 9026, 9298]
[46, 1596, 2682, 5116, 6312, 6579, 6990, 7081, 7329, 9366]
[925, 1032, 1202, 2191, 2611, 3428, 4486, 5276, 6303, 7001]
[1217, 2535, 3883, 4770, 5902, 7812, 8563, 8706, 8879, 9165]
[549, 1878, 2196, 2886, 6550, 8420, 8649, 8870, 8956, 9517]
[1422, 1567, 1816, 2361, 2653, 4072, 6452, 7358, 7556, 8271]
[4656, 5990, 6783, 7848, 8613, 9091, 9228, 9405, 9470, 9803]
[492, 621, 3565, 4453, 4956, 5143, 5693, 5938, 6726, 7492]
[360, 984, 1689, 5591, 8627, 8845, 9021, 9573, 9697, 9732]
[779, 2267, 2480, 4147, 6321, 6532, 6964, 7255, 7460, 7970]
[1114, 1332, 1891, 2268, 2910, 4996, 5333, 5354, 5982, 6324]
[545, 1272, 4344, 4881, 5118, 5229, 6219, 6985, 7128, 7411]
[12, 882, 1379, 3481, 4111, 8721, 9002, 9238, 9589, 9680]
[346, 627, 642, 939, 3558, 3636, 3769, 5540, 5786, 6390]
[735, 2174, 2710, 3474, 4702, 5496, 6880, 7883, 8081, 9015]
[111, 353, 992, 1120, 1932, 3168, 3720, 4382, 4964, 5810]
[552, 1976, 3547, 4759, 5869, 7298, 8765, 8807, 8867, 9034]
[1614, 1848, 2177, 3317, 5462, 5952, 6243, 6490, 6724, 7522]
[1967, 3562, 4828, 5350, 5547, 5677, 6066, 6068, 6274, 6957]
[628, 1520, 2972, 4209, 4333, 5969, 8467, 9105, 9109, 9279]
[32, 244, 892, 1681, 2578, 3210, 5536, 5754, 6349, 6473]
[171, 794, 2356, 3024, 3684, 4998, 6628, 8677, 9404, 9828]
[307, 2431, 3096, 4662, 5187, 7795, 8396, 9218, 9566, 9689]
[465, 1771, 1894, 2045, 4705, 5203, 6986, 7542, 8680, 9484]
[1476, 1570, 2132, 3137, 4634, 5581, 5676, 5717, 7488, 7828]
[2112, 2769, 3484, 5260, 5647, 6512, 7343, 8578, 8749, 8836]
[791, 893, 2255, 2430, 2996, 4225, 5831, 5855, 6194, 6352]
[514, 1190, 1285, 1598, 3310, 4047, 4721, 5217, 7436, 7799]
[497, 529, 648, 2010, 3090, 3678, 4819, 4922, 8201, 9737]
[945, 948, 2974, 3693, 4033, 4044, 4296, 5261, 5703, 5942]
[3343, 3812, 4974, 5522, 6511, 6890, 7410, 9231, 9733, 9819]
[2495, 2949, 3521, 3531, 3758, 3893, 4543, 5538, 7927, 8048]
[151, 1226, 1360, 1897, 2614, 5318, 5545, 8460, 9313, 9587]
[420, 4103, 4154, 4310, 4537, 5270, 5368, 6806, 8313, 8665]
[184, 242, 609, 1367, 1480, 2820, 4923, 5001, 5471, 7896]
[1954, 2167, 3152, 3528, 4740, 5114, 5420, 6117, 6123, 6376]
[454, 1979, 2589, 3033, 4324, 4549, 6073, 6513, 7121, 7829]
[1051, 1082, 1790, 2396, 3029, 3289, 3624, 4813, 5210, 5339]
[1839, 3186, 6372, 7386, 8120, 8968, 9010, 9250, 9274, 9350]
[773, 1647, 2067, 2802, 2965, 4247, 4307, 5403, 6220, 6819]
[1626, 5467, 5883, 6283, 7031, 7668, 7789, 8493, 8538, 9909]
[537, 2353, 5314, 7543, 8068, 8102, 8626, 8856, 9055, 9447]
[489, 1568, 2859, 5038, 5543, 5815, 9047, 9120, 9794, 9913]
[723, 1183, 2786, 3101, 4643, 4667, 8039, 8171, 8324, 8994]
[193, 292, 612, 1076, 1254, 1921, 4122, 5373, 5553, 6332]
[138, 1383, 1745, 3035, 3288, 6647, 7125, 7719, 7990, 8036]
[891, 1540, 2568, 2660, 2884, 3924, 4470, 4483, 4971, 5145]
[2935, 3088, 3218, 3750, 4851, 5466, 7060, 7658, 7846, 7930]
[3559, 3961, 4028, 4977, 5805, 6292, 6690, 6839, 6894, 7342]
[2670, 2704, 3047, 5252, 6230, 8173, 8519, 8685, 9280, 9795]
[3315, 3705, 4050, 5265, 5710, 5967, 6605, 8737, 8926, 9560]
[257, 728, 2285, 2333, 2434, 4930, 5196, 6373, 6635, 6851]
[249, 2843, 4778, 7311, 8540, 8734, 9606, 9731, 9834, 9895]
[378, 2056, 5144, 6377, 6780, 7211, 7244, 7277, 7471, 7939]
[1256, 3202, 5904, 6849, 7481, 9180, 9423, 9769, 9958, 9984]
[686, 2697, 3196, 3640, 3709, 5269, 7588, 7675, 8042, 8811]
[826, 1100, 1375, 2424, 2558, 3830, 4231, 4583, 4818, 5417]
[1166, 1471, 4928, 6086, 8690, 8791, 8988, 9127, 9422, 9499]
[1252, 8289, 8710, 9309, 9436, 9441, 9530, 9837, 9923, 9961]
[1534, 1564, 2928, 5999, 6031, 8464, 9009, 9223, 9821, 9840]
[2113, 2715, 4104, 5361, 6057, 6993, 8508, 8969, 9003, 9212]
[721, 1772, 1940, 2583, 4121, 4563, 5981, 7100, 7129, 8461]
[254, 460, 834, 5385, 5774, 7291, 7850, 8227, 8409, 9099]
[333, 936, 972, 3159, 3368, 3405, 6750, 7400, 9144, 9472]
[1162, 1262, 1271, 2212, 4411, 4450, 4771, 4888, 4954, 6198]
[672, 2142, 2727, 3262, 3271, 3870, 4105, 4897, 5574, 7155]
[2131, 2276, 2659, 4163, 6768, 7710, 8463, 9323, 9420, 9446]
[1373, 1542, 2378, 2785, 5834, 5877, 6137, 7230, 7813, 8947]
[44, 1729, 2872, 4150, 5500, 6664, 6830, 7589, 7973, 9233]
[1043, 1318, 1665, 2390, 3063, 3587, 3916, 4718, 5503, 6892]
[1390, 3244, 4212, 4724, 4885, 6179, 7540, 7602, 7784, 8805]
[168, 241, 384, 916, 1517, 2257, 2724, 3403, 3722, 5141]
[933, 1735, 2038, 3066, 3222, 4417, 4904, 6551, 8214, 8282]
[276, 910, 1826, 2986, 4959, 5452, 6197, 7605, 8826, 9889]
[479, 857, 1447, 2042, 3252, 4657, 4749, 5092, 6660, 6927]
[645, 819, 2031, 3979, 5576, 7953, 8272, 8568, 9474, 9502]
[958, 973, 1317, 2896, 3515, 5837, 6001, 7180, 9424, 9775]
[2199, 2513, 6632, 6713, 6717, 7249, 7722, 7922, 8505, 8715]
[98, 1529, 2552, 3912, 7304, 8516, 8692, 9305, 9600, 9619]
[175, 1982, 2747, 3787, 6170, 6610, 7173, 7624, 7996, 8687]
[108, 1018, 2104, 2743, 3854, 4230, 5751, 6167, 7269, 8652]
[195, 516, 3514, 4915, 5070, 5283, 6374, 6823, 8970, 9095]
[1363, 5130, 5367, 7127, 7873, 8205, 9609, 9707, 9752, 9760]
[391, 965, 2058, 5377, 8376, 8475, 8511, 8622, 8760, 8797]
[1301, 1421, 2018, 2384, 3150, 3281, 3319, 4246, 4285, 4653]
[1657, 2386, 2548, 3231, 3240, 4161, 4265, 6255, 7673, 8040]
[919, 5228, 5239, 5744, 6864, 7565, 7575, 7578, 8524, 9798]
[2321, 2597, 6322, 6694, 7160, 7276, 7748, 8360, 8950, 9611]
[878, 1813, 2649, 3749, 4293, 4768, 4769, 5392, 7835, 8290]
[413, 3519, 4405, 5473, 5719, 7199, 8778, 9115, 9496, 9534]
[927, 2588, 4990, 5018, 5087, 7432, 7857, 8113, 8195, 9480]
[706, 778, 3381, 3719, 8085, 8873, 8927, 8946, 9264, 9876]
[789, 2003, 8345, 9360, 9682, 9729, 9809, 9877, 9957, 9968]
[136, 742, 1054, 1106, 1498, 1522, 2934, 3072, 3555, 4337]
[232, 318, 406, 845, 1235, 1890, 2063, 2901, 4068, 4378]
[2203, 2398, 2758, 3163, 3866, 3885, 4188, 4352, 5313, 5773]
[383, 524, 1006, 1298, 1334, 1956, 2421, 5102, 5366, 5838]
[1209, 2642, 2889, 2976, 4181, 4404, 4518, 5158, 6594, 7021]
[1402, 6399, 7022, 7111, 8809, 9498, 9802, 9826, 9939, 9954]
[6007, 6096, 6535, 6940, 7035, 7774, 7929, 8031, 9663, 9746]
[767, 1538, 3226, 8636, 8789, 9687, 9870, 9888, 9925, 9934]
[211, 435, 1027, 1625, 2140, 2454, 4082, 4385, 4919, 5549]
[337, 1460, 1734, 1774, 3489, 4199, 4603, 4729, 6392, 7945]
[374, 3147, 3184, 5007, 5201, 5418, 5604, 6467, 6662, 7738]
[836, 1117, 1760, 2968, 3036, 3829, 7156, 7434, 7520, 7900]
[1110, 1337, 1405, 3300, 3843, 4123, 5923, 6617, 6989, 7493]
[58, 2127, 2412, 3092, 3990, 6134, 7385, 7431, 7512, 7982]
[416, 772, 1055, 1601, 3248, 3779, 4069, 7904, 7942, 9440]
[2700, 2823, 2876, 4107, 4516, 4935, 5760, 5912, 6773, 6999]
[540, 699, 712, 1659, 2313, 2778, 2984, 3605, 4489, 5934]
[597, 711, 1741, 2099, 2252, 2286, 2395, 2731, 4169, 4717]
[67, 442, 2461, 2496, 2598, 3123, 4145, 4855, 5414, 5513]
[691, 701, 1278, 1938, 2492, 2534, 3045, 3166, 3469, 6627]
[130, 1631, 2399, 3637, 4295, 4445, 5552, 5962, 9832, 9964]
[167, 3299, 4361, 4520, 6458, 8470, 9079, 9698, 9810, 9827]
[1468, 2826, 3467, 6649, 6994, 7645, 8960, 9098, 9229, 9650]
[2329, 4362, 4585, 5271, 6904, 9187, 9234, 9783, 9862, 9865]
[2451, 4062, 6592, 7529, 8215, 8238, 8382, 9006, 9204, 9403]
[3241, 3333, 3342, 4892, 6157, 9343, 9407, 9659, 9756, 9836]
[929, 1652, 1739, 1867, 3420, 3435, 3492, 3501, 3877, 3888]
[38, 905, 1199, 1257, 1403, 1812, 1977, 3006, 4465, 4756]
[1837, 2370, 2459, 2601, 3874, 7941, 9110, 9918, 9974, 9986]
[59, 81, 669, 684, 719, 1093, 1779, 3431, 5127, 6509]
[587, 2923, 4288, 4336, 5880, 8053, 8600, 8869, 9072, 9149]
[569, 1525, 2445, 3748, 5730, 7183, 7208, 8917, 8963, 8985]
[1219, 1650, 2549, 3638, 3674, 4442, 4582, 4816, 5346, 6522]
[785, 2292, 3487, 4668, 5434, 5685, 7877, 7980, 8193, 9049]
[1228, 1944, 3627, 3943, 5566, 7273, 7582, 8099, 9623, 9849]
[2215, 2734, 2933, 2988, 3256, 3872, 4557, 5520, 9024, 9103]
[350, 4099, 4426, 7120, 7279, 7726, 8161, 8256, 9319, 9740]
[812, 825, 1822, 2014, 2738, 4016, 4661, 4901, 5427, 6445]
[1215, 3238, 4088, 5575, 5860, 7233, 7321, 8326, 8502, 8822]
[118, 667, 1418, 1503, 1955, 3694, 6899, 7570, 7663, 7963]
[3284, 3938, 4354, 7532, 8236, 8541, 9114, 9327, 9481, 9491]
[305, 2110, 2250, 2335, 5453, 5505, 5854, 7281, 7337, 8143]
[695, 977, 1593, 1845, 2228, 3542, 3723, 3859, 4511, 4610]
[1160, 1615, 3308, 4846, 5080, 5799, 6983, 7094, 7484, 8235]
[115, 461, 1617, 1803, 1972, 2753, 3313, 7652, 8653, 8923]
[2025, 2365, 4475, 5005, 5613, 7082, 7312, 7951, 8526, 8564]
[156, 2564, 2696, 3125, 3821, 4898, 8453, 8561, 8581, 9007]
[503, 3075, 3187, 3392, 3649, 3895, 7015, 7770, 7853, 8022]
[4939, 5521, 5682, 6879, 7004, 7346, 7796, 8267, 9492, 9656]
[2103, 3770, 3777, 3947, 4551, 4981, 5408, 6656, 8216, 9140]
[71, 775, 3109, 4422, 4838, 5272, 6296, 7069, 7096, 7649]
[2537, 2789, 4418, 7474, 7689, 8163, 8565, 8674, 8753, 9092]
[359, 483, 1532, 2393, 2882, 3524, 4451, 5095, 6384, 6500]
[164, 1223, 1571, 1656, 1919, 1948, 4545, 6326, 8769, 8945]
[998, 1989, 2051, 2170, 4106, 8239, 8397, 8654, 9426, 9513]
[121, 389, 1041, 1473, 1757, 3860, 4761, 5474, 6101, 6842]
[275, 1321, 1705, 6183, 6793, 7593, 8262, 8411, 8630, 8864]
[1008, 1299, 1399, 1426, 2904, 5115, 6011, 6199, 7592, 7898]
[647, 1653, 2616, 4713, 4805, 5998, 6279, 6368, 7336, 8247]
[3239, 6247, 6624, 8689, 9311, 9487, 9597, 9605, 9703, 9788]
[1869, 2294, 3178, 3980, 4119, 5088, 5431, 5683, 5721, 7998]
[798, 1307, 1579, 1645, 3044, 4839, 5033, 5608, 5761, 5984]
[30, 2185, 2490, 2608, 2754, 3318, 4355, 4857, 5748, 6127]
[528, 850, 2582, 3929, 5156, 6334, 6813, 6867, 8095, 9033]
[1434, 2189, 6111, 8160, 8318, 8814, 8840, 8949, 9046, 9247]
[564, 811, 1557, 1853, 5017, 5955, 6588, 7637, 8983, 9019]
[369, 438, 1605, 4100, 4379, 7152, 7315, 8281, 8368, 8562]
[329, 3411, 4965, 5616, 5780, 5895, 7376, 7817, 8646, 8971]
[2169, 2301, 2400, 3939, 5369, 5378, 6501, 6778, 7108, 7309]
[1888, 2515, 6331, 6600, 7562, 8065, 9112, 9636, 9724, 9885]
[1205, 1456, 2327, 3311, 3533, 3669, 4872, 6071, 6097, 6822]
[153, 4049, 4758, 4924, 5245, 6229, 6309, 7034, 7145, 7626]
[4048, 4074, 4524, 4542, 4782, 5605, 6119, 6897, 7133, 7344]
[2939, 4242, 4824, 5034, 5365, 6151, 8287, 8352, 8813, 9031]
[1452, 2860, 3068, 3107, 3594, 3771, 4286, 4395, 4612, 5370]
[637, 1288, 1388, 1610, 2007, 3345, 3505, 4152, 4707, 5119]
[2623, 3477, 5123, 6313, 7664, 8015, 8301, 8547, 8936, 9307]
[740, 1177, 1194, 3316, 6058, 7174, 7657, 7670, 8528, 9277]
[1531, 2116, 4392, 6553, 6565, 6714, 8364, 8906, 9060, 9523]
[866, 1260, 3269, 3887, 4330, 4910, 6032, 6099, 7204, 8662]
[172, 230, 311, 532, 1599, 2497, 2668, 5199, 6010, 6698]
[747, 765, 2963, 3849, 4065, 4081, 4472, 5284, 6621, 7393]
[1283, 1449, 1802, 1874, 1905, 2247, 2275, 3200, 4178, 5129]
[1164, 2643, 5544, 6602, 6791, 7406, 8786, 9040, 9544, 9880]
[10, 4484, 5097, 6383, 6699, 6975, 7909, 8275, 9373, 9529]
[593, 846, 1350, 1370, 2500, 2571, 2629, 4623, 5588, 5696]
[2902, 5947, 7604, 7708, 8897, 9563, 9669, 9820, 9843, 9922]
[1478, 1923, 2260, 3708, 4249, 6688, 7378, 7638, 7735, 8004]
[269, 741, 1672, 2141, 2351, 2586, 2706, 2977, 3970, 5152]
[300, 1508, 2469, 2625, 3230, 5267, 5331, 5870, 5974, 6239]
[4323, 5438, 6410, 6902, 8512, 8594, 8607, 8688, 9116, 9505]
[657, 1259, 2868, 3497, 4491, 5833, 7739, 7938, 8495, 8498]
[185, 1300, 2844, 3237, 7671, 7819, 8246, 9375, 9430, 9920]
[1181, 2468, 3023, 3025, 6618, 7618, 7636, 8101, 8788, 8806]
[1108, 1115, 1169, 1630, 2678, 3653, 3957, 4030, 6929, 7253]
[1436, 1860, 3438, 3985, 4338, 4597, 4697, 6265, 6936, 7615]
[617, 2553, 4674, 5349, 6270, 6631, 7150, 7216, 7424, 7603]
[574, 1749, 2089, 2775, 2944, 3194, 3511, 3527, 3563, 3579]
[551, 562, 883, 1015, 1037, 1804, 4187, 5672, 6903, 7099]
[471, 1817, 4714, 5741, 6710, 6754, 8485, 9173, 9259, 9394]
[626, 3371, 4097, 4399, 4492, 4893, 5557, 6928, 7438, 9030]
[355, 1277, 2021, 3534, 4871, 6059, 6537, 9363, 9454, 9688]
[1124, 1148, 1651, 2123, 3002, 4270, 5722, 6953, 7934, 8480]
[444, 462, 565, 2536, 3810, 5558, 6460, 6623, 8041, 8912]
[525, 820, 1513, 2841, 4427, 4474, 6606, 6932, 7119, 7359]
[1479, 1769, 4162, 4271, 5098, 5519, 8157, 8456, 9749, 9822]
[1439, 2002, 2764, 4179, 4652, 5932, 6683, 6800, 6801, 6922]
[1044, 1179, 1289, 1684, 2832, 3144, 4321, 5763, 5876, 6434]
[105, 881, 4160, 4366, 6034, 6260, 6670, 7025, 7374, 8443]
[1616, 1820, 2751, 4978, 5031, 5248, 5752, 6463, 7324, 8574]
[309, 400, 1001, 2092, 3191, 3726, 4052, 5841, 6145, 7805]
[102, 888, 1281, 1585, 5599, 5735, 6302, 6344, 7206, 7646]
[1372, 2249, 5303, 5756, 6175, 8005, 8601, 9645, 9869, 9926]
[1038, 1130, 2158, 2200, 2491, 5564, 5709, 6469, 6531, 7161]
[5432, 5687, 6901, 7995, 8426, 8515, 8592, 8804, 9094, 9341]
[902, 1415, 1985, 2822, 4232, 4237, 4497, 5847, 6329, 6561]
[421, 1058, 1766, 2126, 5281, 5725, 6306, 9780, 9830, 9969]
[1340, 2523, 2563, 2885, 4425, 4589, 5113, 6405, 6453, 6508]
[999, 1683, 1901, 3339, 4431, 4792, 4994, 5460, 5675, 8309]
[116, 809, 901, 1612, 1935, 2213, 2938, 3729, 6417, 6877]
[62, 1821, 5686, 6209, 7971, 9494, 9626, 9789, 9859, 9924]
[599, 1009, 2070, 2554, 3169, 4165, 5634, 5644, 7692, 8438]
[1753, 1815, 2470, 3802, 4711, 4747, 5164, 5585, 5681, 6052]
[786, 1445, 3884, 4125, 6808, 7701, 8030, 8503, 9674, 9755]
[228, 3095, 6178, 6882, 7284, 8012, 9061, 9303, 9642, 9881]
[739, 2081, 4437, 8566, 9163, 9419, 9618, 9808, 9838, 9995]
[90, 2834, 3071, 3215, 3409, 3464, 5935, 6756, 7552, 8198]
[722, 1004, 2077, 2864, 3704, 3845, 4739, 4902, 5991, 6723]
[1942, 2303, 3576, 3599, 4396, 6457, 6626, 6959, 8154, 8583]
[37, 1040, 1132, 1413, 1594, 2619, 2762, 2942, 3429, 3525]
[1496, 1800, 2551, 2858, 3901, 4195, 6409, 7368, 7485, 7694]
[837, 1701, 3622, 7870, 8315, 9333, 9345, 9387, 9543, 9831]
[77, 155, 219, 221, 790, 1847, 2381, 3588, 5317, 5341]
[4696, 4969, 5450, 6090, 6319, 7225, 7470, 7662, 8434, 8550]
[1713, 2357, 3188, 3298, 3679, 3974, 4186, 4493, 5728, 6733]
[42, 2570, 3473, 3553, 5299, 6646, 7033, 7195, 7198, 7258]
[1707, 2590, 3102, 6333, 7931, 7959, 8142, 8736, 9063, 9131]
[2521, 2808, 3145, 3155, 3458, 4194, 4305, 4332, 5790, 6428]
[393, 535, 1606, 1907, 2560, 6677, 6911, 7218, 7353, 9314]
[154, 1442, 1761, 4003, 4878, 6075, 6737, 7215, 7299, 7571]
[201, 986, 1417, 2931, 3348, 4236, 4754, 5416, 5642, 5758]
[690, 2037, 2154, 6030, 7869, 8413, 9370, 9376, 9386, 9478]
[7, 2238, 5024, 5718, 6402, 7357, 8274, 8580, 8898, 9459]
[338, 2306, 3285, 3963, 4654, 5383, 6087, 8620, 8768, 9205]
[1083, 1764, 2540, 3027, 4335, 5476, 6703, 8372, 8697, 9643]
[911, 2144, 2617, 4253, 5680, 9201, 9317, 9608, 9681, 9946]
[1218, 1492, 2574, 3549, 3892, 4388, 5586, 6751, 7240, 7665]
[1159, 1889, 2779, 5120, 7551, 8394, 8916, 9181, 9296, 9331]
[1118, 1320, 2342, 6814, 7541, 8207, 8978, 9378, 9410, 9485]
[177, 3154, 3790, 4277, 4726, 5411, 6775, 6925, 7419, 9744]
[534, 2248, 2403, 3596, 3651, 3760, 4294, 4664, 5535, 7157]
[610, 4562, 5732, 6443, 6767, 7017, 7516, 7705, 7855, 8245]
[1, 97, 859, 1824, 2088, 4095, 5056, 5128, 5212, 5835]
[3465, 3670, 3972, 4098, 4233, 5643, 7098, 9339, 9391, 9751]
[3265, 4359, 4512, 5013, 5142, 6193, 6487, 7046, 8087, 8651]
[375, 2476, 4120, 5894, 6601, 7038, 8338, 8707, 8762, 9108]
[671, 937, 3499, 3858, 3919, 3955, 4142, 4227, 5866, 7193]
[143, 2297, 3177, 7681, 7702, 8295, 8388, 8585, 9615, 9692]
[1236, 3026, 4500, 6341, 6414, 7498, 8915, 9216, 9535, 9711]
[1590, 2478, 5109, 5784, 5830, 5893, 7009, 7630, 7780, 8942]
[993, 1526, 3331, 3462, 6038, 6055, 6448, 6832, 7104, 7441]
[967, 1936, 1971, 3768, 4024, 4678, 5822, 5873, 7561, 8868]
[3143, 6186, 6449, 7768, 8178, 8406, 8851, 9450, 9569, 9704]
[1231, 1463, 2633, 3012, 3364, 3660, 4006, 4275, 4649, 5330]
[365, 2389, 2812, 3848, 4618, 5639, 6342, 6597, 7072, 9501]
[1068, 1136, 1196, 1396, 3183, 4510, 4743, 5814, 8478, 8658]
[1836, 2102, 2854, 2881, 3940, 5220, 7683, 7797, 8122, 8716]
[1184, 2512, 3091, 5746, 6171, 6790, 7040, 7367, 7546, 7564]
[348, 1138, 3572, 4538, 5714, 7097, 8549, 9533, 9972, 9989]
[463, 2241, 2662, 3360, 3662, 4191, 6046, 6547, 6559, 7267]
[1629, 1920, 2621, 2658, 2770, 3128, 3130, 3727, 7112, 7154]
[1247, 1448, 3089, 5724, 8817, 9512, 9750, 9900, 9935, 9949]
[1922, 2331, 4646, 5878, 6888, 8071, 8192, 8552, 8741, 9409]
[253, 371, 641, 4595, 7302, 9438, 9456, 9912, 9947, 9979]
[114, 1002, 2072, 2291, 2635, 3922, 4727, 6807, 7521, 8045]
[1364, 1424, 2385, 3545, 4266, 4699, 5280, 6162, 6464, 8249]
[182, 204, 273, 3052, 3116, 3575, 4341, 5054, 6271, 6616]
[906, 2592, 3304, 3580, 3774, 4587, 5028, 5646, 5964, 6722]
[376, 1750, 2407, 6136, 8269, 9283, 9518, 9531, 9564, 9575]
[303, 2062, 2120, 2472, 2995, 3201, 3831, 5440, 6064, 6083]
[1669, 3746, 6047, 6406, 7425, 8062, 8115, 9398, 9745, 9786]
[844, 1221, 1556, 2810, 4390, 4706, 5989, 6518, 6941, 7010]
[91, 2374, 2866, 3439, 3600, 3625, 5407, 7110, 7430, 8488]
[2992, 3162, 4879, 4936, 4950, 5577, 6211, 8047, 8418, 9268]
[4226, 5765, 8935, 9142, 9166, 9183, 9439, 9539, 9841, 9856]
[3113, 4748, 5404, 5593, 7861, 7949, 8602, 9347, 9739, 9814]
[84, 1167, 3217, 3512, 4077, 4733, 5656, 7405, 8432, 8518]
[652, 1642, 2584, 3377, 3407, 3697, 4037, 4960, 5148, 7331]
[2637, 2730, 4026, 5177, 5381, 6973, 7113, 7392, 8828, 9291]
[1245, 2281, 2871, 4443, 4947, 6154, 6320, 6861, 7539, 8830]
[381, 1909, 2531, 4882, 6931, 7584, 8492, 8993, 9262, 9509]
[1453, 2181, 3441, 5852, 6805, 7937, 9242, 9361, 9532, 9590]
[3258, 4347, 5382, 6106, 7170, 7186, 7766, 8056, 8119, 8712]
[295, 746, 6072, 7250, 7872, 8430, 9289, 9433, 9666, 9785]
[2223, 4403, 5973, 6811, 8844, 8944, 9592, 9667, 9779, 9824]
[137, 531, 2444, 2473, 2684, 3173, 4250, 5848, 7134, 8882]
[63, 128, 3805, 4151, 4613, 5194, 7232, 7402, 7513, 7528]
[1033, 2047, 2425, 2781, 3361, 5734, 6285, 6350, 7360, 7714]
[1505, 2271, 2428, 3898, 4327, 5464, 7159, 8546, 8894, 9435]
[47, 506, 1640, 2069, 2716, 3946, 4698, 5084, 5153, 8808]
[2667, 2848, 4616, 5183, 6135, 6792, 8079, 8156, 8361, 9377]
[615, 1342, 3949, 4848, 4973, 5157, 6552, 8151, 8616, 8980]
[2851, 3838, 4377, 6948, 7987, 7992, 9861, 9898, 9945, 9952]
[1142, 1654, 3517, 4038, 4318, 4488, 4531, 6916, 7306, 7976]
[1129, 1308, 2030, 4210, 6684, 7879, 8297, 8402, 9064, 9633]
[55, 409, 1877, 2288, 2677, 5470, 6267, 7783, 8850, 8982]
[566, 824, 2084, 4627, 7478, 7495, 8217, 9364, 9599, 9736]
[57, 282, 1349, 1807, 2328, 3051, 4701, 4810, 5174, 5660]
[19, 187, 296, 414, 1703, 2488, 8634, 9787, 9851, 9897]
[899, 2545, 4669, 6290, 7823, 7875, 8316, 9176, 9536, 9796]
[445, 1584, 4117, 4257, 5352, 7506, 7577, 8196, 8558, 9466]
[129, 644, 816, 887, 3176, 4374, 6147, 7242, 7461, 9288]
[5614, 7101, 7500, 7758, 7891, 8496, 9075, 9442, 9583, 9686]
[1195, 1382, 4342, 5770, 5789, 7519, 8187, 8928, 9018, 9065]
[14, 402, 713, 976, 1859, 2450, 3835, 3982, 3994, 5527]
[1073, 1472, 4389, 7725, 7792, 7868, 8237, 9490, 9825, 9857]
[1057, 1244, 1330, 2713, 2814, 3181, 3842, 4078, 5980, 6248]
[2464, 2867, 2969, 3571, 5162, 6486, 7841, 8571, 8681, 8934]
[189, 3973, 6049, 6680, 7384, 7617, 7915, 8656, 9168, 9177]
[440, 863, 3945, 4577, 5655, 6291, 6760, 6850, 7547, 8433]
[1559, 2406, 4527, 5394, 6004, 7132, 7511, 8386, 8676, 9004]
[214, 583, 862, 1368, 1718, 2525, 4315, 7043, 7416, 7476]
[373, 1554, 1628, 1682, 2108, 2913, 4843, 5208, 5819, 6015]
[1667, 1722, 1961, 2655, 3811, 3964, 5483, 5504, 5738, 7472]
[1469, 1507, 2600, 5304, 5723, 6499, 6920, 7262, 7567, 8317]
[484, 5619, 6284, 7130, 8286, 9146, 9275, 9443, 9476, 9712]
[633, 1046, 1251, 2319, 4040, 5112, 6622, 6681, 7862, 8611]
[4053, 7729, 8248, 9001, 9415, 9612, 9771, 9850, 9860, 9866]
[962, 2865, 3167, 3948, 6523, 6930, 7633, 8551, 9167, 9444]
[847, 5069, 5570, 5653, 7456, 7677, 8311, 9868, 9941, 9987]
[664, 994, 2166, 3803, 3875, 6048, 6173, 7023, 7231, 7463]
[710, 1331, 1589, 4829, 6933, 7011, 8090, 8604, 8621, 8931]
[3796, 4304, 4638, 4886, 8220, 8732, 8739, 8748, 8904, 8952]
[1825, 4979, 5200, 6214, 6295, 7420, 7656, 8144, 8242, 8506]
[366, 494, 1059, 1243, 2675, 4685, 6133, 6887, 7594, 8832]
[530, 830, 1241, 1871, 2101, 2466, 2634, 3049, 3731, 5032]
[555, 1359, 4085, 4693, 6529, 6607, 7007, 7122, 8718, 8925]
[106, 2156, 3969, 4984, 6233, 7184, 7487, 8465, 9222, 9414]
[1913, 2036, 5021, 5419, 6429, 7141, 9152, 9194, 9654, 9793]
[145, 771, 3606, 3784, 6810, 7164, 8987, 9036, 9156, 9640]
[654, 1676, 1863, 2926, 3823, 3897, 5607, 8032, 8199, 9089]
[22, 2080, 4409, 4494, 4566, 7005, 7448, 7785, 8590, 8647]
[2594, 2914, 2941, 5151, 5929, 7371, 7382, 7437, 7579, 7703]
[1573, 2048, 3986, 5173, 5915, 7300, 7404, 7798, 8908, 9080]
[1881, 2615, 3160, 5035, 6950, 7124, 8191, 8469, 8905, 9265]
[2136, 2153, 2234, 4042, 8018, 8314, 8939, 9073, 9691, 9710]
[3425, 4555, 4752, 5022, 6764, 6946, 8967, 9475, 9784, 9953]
[561, 724, 941, 5263, 5801, 6732, 6908, 7016, 7609, 7752]
[362, 804, 2372, 2998, 6577, 7933, 8781, 8872, 9284, 9500]
[3325, 4009, 5193, 6450, 6586, 6706, 8537, 9467, 9629, 9777]
[5498, 6769, 6992, 7691, 8618, 9572, 9610, 9992, 9999, 10000]
[631, 1395, 1485, 4572, 4635, 4686, 6019, 6615, 6883, 7622]
[178, 297, 341, 422, 3347, 4168, 5944, 6070, 7295, 7834]
[981, 2791, 5073, 5492, 8343, 9172, 9293, 9458, 9852, 9911]
[1187, 1576, 1981, 2304, 3139, 5137, 6316, 6914, 7196, 7693]
[451, 1895, 2809, 3179, 4287, 4737, 5689, 7767, 9032, 9182]
[1464, 1483, 5134, 5243, 5659, 6301, 6952, 8667, 9035, 9179]
[1861, 2763, 2919, 3984, 4639, 6815, 7856, 8109, 8229, 8535]
[560, 831, 1028, 2295, 4790, 5625, 7629, 8021, 8244, 9203]
[1230, 5189, 5794, 8623, 9050, 9143, 9248, 9593, 9761, 9812]
[31, 1198, 2253, 2541, 2561, 3021, 5175, 6024, 6440, 7647]
[606, 2032, 3356, 3603, 4283, 5508, 5986, 6078, 7466, 7530]
[207, 1304, 3430, 4988, 8208, 8379, 8446, 8921, 9088, 9374]
[467, 2599, 3641, 3869, 4460, 5086, 6969, 7066, 7252, 7325]
[1743, 1809, 2254, 2733, 4745, 5465, 7745, 8104, 8344, 8670]
[262, 1378, 2209, 3753, 3989, 4363, 6747, 6995, 8203, 8792]
[1712, 2009, 2419, 4079, 4833, 5336, 5809, 6039, 7256, 7373]
[396, 2193, 3767, 5008, 5048, 5132, 5579, 6570, 7350, 7676]
[1387, 2918, 3443, 4064, 5122, 7497, 8035, 8069, 8497, 8784]
[320, 810, 1506, 2427, 3479, 5454, 7303, 7920, 9344, 9412]
[404, 828, 1726, 1883, 2575, 3656, 3923, 4000, 4827, 4945]
[1328, 1433, 5191, 5423, 6045, 7388, 7732, 8723, 8842, 8853]
[744, 2501, 3480, 3680, 5168, 6152, 6871, 7224, 7988, 8387]
[245, 447, 1050, 4112, 4896, 7317, 7728, 8092, 8606, 8863]
[86, 867, 2618, 3074, 3078, 3153, 3739, 4241, 4256, 4272]
[1781, 2474, 2964, 3114, 3863, 5053, 5277, 6462, 6524, 7531]
[982, 1908, 4217, 4365, 4414, 5379, 6771, 6820, 7076, 7523]
[398, 4528, 5298, 6357, 6784, 7116, 7591, 8197, 8924, 8929]
[4190, 4206, 4952, 6008, 6701, 7641, 9077, 9139, 9431, 9603]
[1007, 2796, 2947, 3707, 3804, 6633, 7220, 7590, 7606, 9184]
[288, 800, 1026, 1163, 2023, 2527, 2742, 2768, 3054, 3584]
[49, 629, 1866, 2690, 3503, 3623, 4017, 6180, 7239, 8103]
[2906, 3395, 4303, 6259, 6482, 7115, 8075, 8209, 8371, 8686]
[827, 2927, 3530, 3995, 5601, 5886, 6037, 6675, 6905, 8058]
[403, 932, 1039, 5323, 5482, 5845, 7366, 7880, 8554, 8666]
[368, 718, 1072, 2164, 2546, 2680, 2877, 4449, 4682, 4907]
[424, 1437, 4709, 4987, 5232, 5663, 5881, 6734, 7772, 8989]
[521, 1635, 2800, 2994, 3247, 3798, 4010, 4208, 4651, 5945]
[216, 271, 674, 2517, 2967, 3334, 3352, 3444, 3882, 4438]
[423, 1692, 4189, 4738, 4798, 5824, 7950, 8655, 9045, 9542]
[1365, 1721, 2236, 2282, 2442, 4289, 5082, 5764, 5817, 7056]
[687, 3185, 4504, 5291, 5442, 5727, 5750, 6609, 6665, 7524]
[169, 210, 1470, 1638, 2232, 4731, 5755, 6620, 6878, 6909]
[1799, 2013, 2165, 2243, 3015, 5355, 6389, 6885, 7163, 7272]
[161, 829, 3629, 4469, 4976, 5041, 5190, 6498, 6926, 7822]
[559, 770, 1924, 3270, 4599, 5002, 5960, 7294, 8264, 8279]
[432, 511, 930, 1284, 1548, 4459, 5555, 6576, 7878, 8859]
[796, 1677, 2905, 3253, 5679, 6065, 6347, 7997, 8451, 8586]
[1208, 2020, 2201, 2222, 5012, 5225, 5353, 5995, 6006, 7194]
[716, 4066, 6340, 7403, 7686, 8877, 8911, 8976, 9236, 9875]
[339, 1155, 1406, 1992, 3951, 4561, 4604, 7573, 8145, 8202]
[768, 1673, 2251, 2405, 4850, 7138, 8494, 8645, 8729, 9304]
[640, 943, 1575, 2302, 2990, 4076, 4905, 6669, 6889, 7387]
[237, 1384, 1394, 3800, 5406, 6191, 7014, 8342, 8366, 9221]
[1261, 2059, 2129, 3048, 3744, 5882, 7499, 7553, 8014, 8816]
[1796, 2555, 3452, 3797, 4259, 5484, 5617, 6439, 6841, 8727]
[3375, 4624, 5055, 7117, 7489, 8165, 8228, 9214, 9452, 9668]
[2044, 2547, 3119, 3216, 3221, 3682, 7572, 8138, 8265, 8644]
[41, 502, 659, 1555, 3936, 5840, 6223, 7576, 7814, 8097]
[82, 917, 1591, 1873, 4536, 5223, 5772, 6253, 7455, 7964]
[689, 1906, 3193, 4467, 5631, 6697, 7131, 7682, 7886, 8098]
[39, 68, 1049, 3725, 4126, 4139, 4825, 5400, 7247, 7611]
[990, 2613, 3132, 4903, 8746, 9013, 9087, 9406, 9817, 9916]
[646, 1161, 1622, 1704, 2016, 2161, 2176, 2907, 3379, 5147]
[2524, 2803, 3730, 4481, 4725, 6263, 6757, 8121, 8172, 8452]
[274, 1632, 3228, 3960, 5635, 6788, 7901, 9655, 9963, 9973]
[2922, 3862, 4997, 5100, 6294, 6425, 6829, 7283, 7818, 8060]
[2134, 2363, 2402, 2873, 3019, 3396, 6033, 6444, 6556, 7960]
[147, 656, 1607, 2180, 2666, 4680, 7505, 7707, 9240, 9721]
[889, 1910, 4397, 5713, 5729, 9342, 9570, 9743, 9801, 9919]
[632, 1074, 1592, 1794, 3661, 4156, 4673, 7282, 8668, 8758]
[33, 367, 1968, 2641, 3459, 3568, 4133, 5796, 6110, 6907]
[508, 1818, 2463, 3799, 4027, 5788, 6865, 7642, 7773, 8010]
[11, 316, 520, 584, 3586, 4012, 5090, 6536, 6937, 7039]
[1122, 2076, 3292, 3355, 3455, 3495, 6293, 6505, 7074, 8166]
[2735, 4057, 6748, 7029, 7620, 7734, 8405, 8735, 9371, 9497]
[179, 1123, 4665, 5596, 5951, 6744, 9230, 9302, 9578, 9683]
[1091, 2676, 4185, 4267, 4807, 7721, 8250, 9145, 9294, 9354]
[639, 1458, 1776, 1966, 4753, 4948, 5516, 6787, 8141, 8266]
[692, 818, 1201, 1366, 2458, 5697, 6466, 7858, 8254, 9300]
[1355, 1970, 2033, 3556, 5104, 5699, 7136, 7740, 8700, 9462]
[1293, 3543, 3751, 4007, 5106, 5939, 6235, 8061, 8277, 8484]
[538, 7002, 7623, 9043, 9253, 9471, 9684, 9700, 9901, 9950]
[28, 73, 1134, 1345, 1425, 1494, 1580, 2029, 3783, 3793]
[340, 523, 576, 2394, 3353, 3808, 3937, 4320, 5358, 5477]
[36, 488, 614, 1618, 1737, 2797, 3423, 5386, 5901, 5908]
[1487, 6185, 7061, 7598, 8072, 8450, 9207, 9357, 9413, 9468]
[1587, 1892, 3867, 5821, 6369, 7446, 7559, 8150, 9070, 9781]
[74, 783, 1782, 2631, 3564, 4198, 4419, 4535, 4760, 4779]
[280, 1324, 4051, 5787, 7467, 7502, 8350, 9336, 9882, 9904]
[149, 285, 753, 4166, 5081, 6898, 6972, 7428, 7832, 8116]
[56, 78, 250, 1512, 2970, 3665, 4146, 6516, 6661, 6765]
[1070, 1305, 1738, 2269, 2355, 3255, 3791, 4155, 4234, 4331]
[8, 103, 1336, 2358, 3346, 5083, 5562, 7102, 7585, 8255]
[349, 436, 441, 1574, 2325, 2593, 3743, 4348, 4416, 4502]
[60, 181, 1719, 1727, 1899, 3286, 3881, 3976, 4655, 5917]
[675, 954, 961, 2060, 2162, 2397, 2679, 3337, 3385, 3397]
[709, 1827, 2581, 3696, 3846, 4046, 6979, 7024, 7190, 7503]
[2244, 6910, 7020, 7924, 8709, 8953, 9100, 9332, 9349, 9417]
[190, 5207, 5494, 6366, 7261, 7687, 8327, 8862, 9548, 9735]
[1186, 2221, 4989, 5561, 7451, 7908, 7943, 8441, 8771, 9027]
[858, 896, 2262, 4002, 4679, 5023, 7391, 8678, 9057, 9326]
[1240, 1444, 4218, 5042, 5184, 5347, 6053, 7340, 7398, 8657]
[3635, 4584, 4730, 5257, 8398, 8964, 9596, 9829, 9846, 9977]
[322, 677, 1648, 1828, 2596, 3003, 3904, 5010, 6298, 9401]
[541, 1290, 1338, 2409, 2932, 3008, 3762, 4523, 6009, 7345]
[186, 256, 1096, 2138, 3456, 3715, 4505, 4586, 4606, 5039]
[600, 971, 2135, 5526, 6061, 6503, 7251, 8066, 8291, 9429]
[27, 2279, 2879, 3307, 3965, 4222, 5089, 5136, 5324, 8000]
[1752, 1780, 2034, 2270, 3257, 4400, 4402, 4533, 4574, 7709]
[696, 1071, 2096, 2862, 6672, 7895, 8886, 9310, 9823, 9959]
[101, 473, 1793, 2125, 3825, 4013, 4258, 4675, 5898, 6187]
[290, 581, 884, 2078, 3243, 4130, 4215, 4600, 5376, 6789]
[319, 498, 2821, 3546, 4611, 4821, 6028, 6104, 8050, 8951]
[351, 427, 1079, 1105, 1912, 5649, 6641, 9255, 9346, 9482]
[1851, 3485, 3778, 5603, 6580, 6691, 7469, 7494, 7887, 8174]
[886, 2273, 4124, 5211, 6120, 6172, 6545, 8293, 8489, 8799]
[394, 410, 3209, 3500, 3699, 3742, 6234, 6650, 6987, 7181]
[281, 3227, 5234, 6812, 9217, 9588, 9867, 9917, 9971, 9981]
[985, 1416, 3498, 5425, 6346, 7380, 7836, 8268, 8603, 9270]
[112, 342, 851, 1834, 2728, 3933, 4351, 5321, 5781, 5856]
[685, 1185, 2771, 3536, 6181, 6245, 6599, 7308, 8357, 8660]
[543, 1035, 1119, 1267, 2591, 2819, 3279, 3445, 5238, 5258]
[754, 1335, 1710, 1997, 2261, 2349, 4622, 5985, 7093, 7712]
[683, 2483, 2837, 4131, 5262, 5289, 6076, 6269, 6507, 8589]

Total of 800 sets printed